TN:52.0009693&4.3719686
CT:51.9987746&4.3751139
LR:51.990012&4.375439
Aula:52.002275&4.373840
EWI:51.998792&4.372916
AS:51.989976&4.379899
DW:51.999060&4.371570
3mE:52.000958&4.371397
TBM:52.002627&4.369573
2C:52.006920&4.360148
Pathe:52.008821&4.363296
IO:52.001783&4.369858
Sportcent:51.995918&4.376163